2.000000e-02 5.014126e+00 1.552290e-04 5.014281e+00
4.000000e-02 5.014124e+00 1.569797e-04 5.014281e+00
6.000000e-02 5.014116e+00 1.647001e-04 5.014281e+00
8.000000e-02 5.014106e+00 1.748040e-04 5.014281e+00
1.000000e-01 5.014095e+00 1.856866e-04 5.014281e+00
1.200000e-01 5.014084e+00 1.966131e-04 5.014281e+00
1.400000e-01 5.014072e+00 2.087836e-04 5.014281e+00
1.600000e-01 5.014058e+00 2.229097e-04 5.014281e+00
1.800000e-01 5.014042e+00 2.389050e-04 5.014281e+00
2.000000e-01 5.014024e+00 2.571818e-04 5.014281e+00
2.200000e-01 5.014003e+00 2.779965e-04 5.014281e+00
2.400000e-01 5.013980e+00 3.012104e-04 5.014281e+00
2.600000e-01 5.013954e+00 3.271754e-04 5.014281e+00
2.800000e-01 5.013925e+00 3.560450e-04 5.014281e+00
3.000000e-01 5.013893e+00 3.876521e-04 5.014281e+00
3.200000e-01 5.013859e+00 4.224259e-04 5.014281e+00
3.400000e-01 5.013821e+00 4.603631e-04 5.014281e+00
3.600000e-01 5.013780e+00 5.013981e-04 5.014281e+00
3.800000e-01 5.013735e+00 5.461157e-04 5.014281e+00
4.000000e-01 5.013687e+00 5.942823e-04 5.014281e+00
4.200000e-01 5.013635e+00 6.461607e-04 5.014281e+00
4.400000e-01 5.013579e+00 7.023548e-04 5.014281e+00
4.600000e-01 5.013519e+00 7.624037e-04 5.014281e+00
4.800000e-01 5.013454e+00 8.271359e-04 5.014281e+00
5.000000e-01 5.013384e+00 8.968285e-04 5.014281e+00
5.200000e-01 5.013310e+00 9.710395e-04 5.014281e+00
5.400000e-01 5.013230e+00 1.051248e-03 5.014281e+00
5.600000e-01 5.013144e+00 1.136954e-03 5.014281e+00
5.800000e-01 5.013053e+00 1.228323e-03 5.014281e+00
6.000000e-01 5.012954e+00 1.327186e-03 5.014281e+00
6.200000e-01 5.012849e+00 1.431940e-03 5.014281e+00
6.400000e-01 5.012737e+00 1.544282e-03 5.014281e+00
6.600000e-01 5.012616e+00 1.665453e-03 5.014281e+00
6.800000e-01 5.012488e+00 1.792865e-03 5.014281e+00
7.000000e-01 5.012350e+00 1.931072e-03 5.014281e+00
7.200000e-01 5.012203e+00 2.078362e-03 5.014281e+00
7.400000e-01 5.012048e+00 2.232810e-03 5.014281e+00
7.600000e-01 5.011877e+00 2.404029e-03 5.014281e+00
7.800000e-01 5.011703e+00 2.577794e-03 5.014281e+00
8.000000e-01 5.011508e+00 2.772897e-03 5.014281e+00
8.200000e-01 5.011309e+00 2.971718e-03 5.014281e+00
8.400000e-01 5.011090e+00 3.190772e-03 5.014281e+00
8.600000e-01 5.010860e+00 3.420895e-03 5.014281e+00
8.800000e-01 5.010618e+00 3.662821e-03 5.014281e+00
9.000000e-01 5.010358e+00 3.922691e-03 5.014281e+00
9.200000e-01 5.010078e+00 4.202703e-03 5.014281e+00
9.400000e-01 5.009780e+00 4.501341e-03 5.014281e+00
9.600000e-01 5.009463e+00 4.818661e-03 5.014281e+00
9.800000e-01 5.009130e+00 5.151288e-03 5.014281e+00
1.000000e+00 5.008776e+00 5.504624e-03 5.014281e+00
1.020000e+00 5.008401e+00 5.879904e-03 5.014281e+00
1.040000e+00 5.008006e+00 6.274740e-03 5.014281e+00
1.060000e+00 5.007585e+00 6.695586e-03 5.014281e+00
1.080000e+00 5.007136e+00 7.144417e-03 5.014281e+00
1.100000e+00 5.006659e+00 7.621774e-03 5.014281e+00
1.120000e+00 5.006156e+00 8.125169e-03 5.014281e+00
1.140000e+00 5.005629e+00 8.651892e-03 5.014281e+00
1.160000e+00 5.005060e+00 9.220895e-03 5.014281e+00
1.180000e+00 5.004455e+00 9.826169e-03 5.014281e+00
1.200000e+00 5.003839e+00 1.044199e-02 5.014281e+00
1.220000e+00 5.003167e+00 1.111388e-02 5.014281e+00
1.240000e+00 5.002450e+00 1.183078e-02 5.014281e+00
1.260000e+00 5.001727e+00 1.255295e-02 5.014280e+00
1.280000e+00 5.000922e+00 1.335852e-02 5.014281e+00
1.300000e+00 5.000105e+00 1.417521e-02 5.014281e+00
1.320000e+00 4.999229e+00 1.505156e-02 5.014280e+00
1.340000e+00 4.998305e+00 1.597578e-02 5.014281e+00
1.360000e+00 4.997340e+00 1.694001e-02 5.014280e+00
1.380000e+00 4.996314e+00 1.796615e-02 5.014280e+00
1.400000e+00 4.995241e+00 1.903942e-02 5.014280e+00
1.420000e+00 4.994113e+00 2.016739e-02 5.014280e+00
1.440000e+00 4.992917e+00 2.136370e-02 5.014280e+00
1.460000e+00 4.991679e+00 2.260145e-02 5.014280e+00
1.480000e+00 4.990353e+00 2.392693e-02 5.014280e+00
1.500000e+00 4.988986e+00 2.529422e-02 5.014280e+00
1.520000e+00 4.987539e+00 2.674084e-02 5.014280e+00
1.540000e+00 4.986010e+00 2.827007e-02 5.014280e+00
1.560000e+00 4.984447e+00 2.983339e-02 5.014280e+00
1.580000e+00 4.982755e+00 3.152533e-02 5.014280e+00
1.600000e+00 4.981020e+00 3.325982e-02 5.014280e+00
1.620000e+00 4.979216e+00 3.506347e-02 5.014280e+00
1.640000e+00 4.977267e+00 3.701322e-02 5.014280e+00
1.660000e+00 4.975299e+00 3.898039e-02 5.014280e+00
1.680000e+00 4.973230e+00 4.104977e-02 5.014280e+00
1.700000e+00 4.971002e+00 4.327728e-02 5.014280e+00
1.720000e+00 4.968759e+00 4.552014e-02 5.014279e+00
1.740000e+00 4.966415e+00 4.786385e-02 5.014279e+00
1.760000e+00 4.963887e+00 5.039221e-02 5.014279e+00
1.780000e+00 4.961317e+00 5.296178e-02 5.014279e+00
1.800000e+00 4.958685e+00 5.559431e-02 5.014279e+00
1.820000e+00 4.955855e+00 5.842385e-02 5.014279e+00
1.840000e+00 4.952909e+00 6.137035e-02 5.014279e+00
1.860000e+00 4.949928e+00 6.435111e-02 5.014279e+00
1.880000e+00 4.946812e+00 6.746649e-02 5.014279e+00
1.900000e+00 4.943500e+00 7.077834e-02 5.014279e+00
1.920000e+00 4.940082e+00 7.419676e-02 5.014279e+00
1.940000e+00 4.936607e+00 7.767164e-02 5.014278e+00
1.960000e+00 4.932990e+00 8.128857e-02 5.014278e+00
1.980000e+00 4.929170e+00 8.510839e-02 5.014278e+00
2.000000e+00 4.925210e+00 8.906774e-02 5.014278e+00
2.020000e+00 4.921171e+00 9.310647e-02 5.014278e+00
2.040000e+00 4.917022e+00 9.725560e-02 5.014278e+00
2.060000e+00 4.912685e+00 1.015926e-01 5.014277e+00
2.080000e+00 4.908143e+00 1.061343e-01 5.014278e+00
2.100000e+00 4.903473e+00 1.108041e-01 5.014277e+00
2.120000e+00 4.898713e+00 1.155636e-01 5.014277e+00
2.140000e+00 4.893825e+00 1.204525e-01 5.014277e+00
2.160000e+00 4.888743e+00 1.255338e-01 5.014276e+00
2.180000e+00 4.883431e+00 1.308455e-01 5.014277e+00
2.200000e+00 4.877963e+00 1.363132e-01 5.014277e+00
2.220000e+00 4.872404e+00 1.418723e-01 5.014276e+00
2.240000e+00 4.866724e+00 1.475531e-01 5.014277e+00
2.260000e+00 4.860886e+00 1.533891e-01 5.014275e+00
2.280000e+00 4.854800e+00 1.594761e-01 5.014276e+00
2.300000e+00 4.848487e+00 1.657888e-01 5.014276e+00
2.320000e+00 4.842056e+00 1.722178e-01 5.014274e+00
2.340000e+00 4.835483e+00 1.787938e-01 5.014277e+00
2.360000e+00 4.828861e+00 1.854129e-01 5.014274e+00
2.380000e+00 4.822017e+00 1.922580e-01 5.014275e+00
2.400000e+00 4.814951e+00 1.993235e-01 5.014275e+00
2.420000e+00 4.807654e+00 2.066194e-01 5.014273e+00
2.440000e+00 4.800142e+00 2.141333e-01 5.014275e+00
2.460000e+00 4.792567e+00 2.217067e-01 5.014273e+00
2.480000e+00 4.784886e+00 2.293877e-01 5.014274e+00
2.500000e+00 4.777085e+00 2.371890e-01 5.014274e+00
2.520000e+00 4.769122e+00 2.451498e-01 5.014272e+00
2.540000e+00 4.760877e+00 2.533967e-01 5.014273e+00
2.560000e+00 4.752417e+00 2.618554e-01 5.014273e+00
2.580000e+00 4.743774e+00 2.704985e-01 5.014272e+00
2.600000e+00 4.735022e+00 2.792507e-01 5.014272e+00
2.620000e+00 4.726209e+00 2.880631e-01 5.014272e+00
2.640000e+00 4.717311e+00 2.969615e-01 5.014272e+00
2.660000e+00 4.708301e+00 3.059707e-01 5.014272e+00
2.680000e+00 4.699111e+00 3.151588e-01 5.014270e+00
2.700000e+00 4.689661e+00 3.246101e-01 5.014271e+00
2.720000e+00 4.679995e+00 3.342761e-01 5.014272e+00
2.740000e+00 4.670208e+00 3.440623e-01 5.014271e+00
2.760000e+00 4.660333e+00 3.539369e-01 5.014270e+00
2.780000e+00 4.650434e+00 3.638341e-01 5.014269e+00
2.800000e+00 4.640474e+00 3.737939e-01 5.014268e+00
2.820000e+00 4.630443e+00 3.838260e-01 5.014269e+00
2.840000e+00 4.620307e+00 3.939619e-01 5.014269e+00
2.860000e+00 4.610024e+00 4.042452e-01 5.014269e+00
2.880000e+00 4.599580e+00 4.146898e-01 5.014270e+00
2.900000e+00 4.589002e+00 4.252672e-01 5.014269e+00
2.920000e+00 4.578302e+00 4.359668e-01 5.014269e+00
2.940000e+00 4.567553e+00 4.467152e-01 5.014268e+00
2.960000e+00 4.556797e+00 4.574705e-01 5.014268e+00
2.980000e+00 4.546040e+00 4.682278e-01 5.014268e+00
3.000000e+00 4.535328e+00 4.789389e-01 5.014267e+00
3.020000e+00 4.524604e+00 4.896633e-01 5.014267e+00
3.040000e+00 4.513873e+00 5.003942e-01 5.014267e+00
3.060000e+00 4.503103e+00 5.111624e-01 5.014266e+00
3.080000e+00 4.492271e+00 5.219947e-01 5.014266e+00
3.100000e+00 4.481395e+00 5.328696e-01 5.014265e+00
3.120000e+00 4.470475e+00 5.437894e-01 5.014264e+00
3.140000e+00 4.459542e+00 5.547219e-01 5.014264e+00
3.160000e+00 4.448631e+00 5.656322e-01 5.014264e+00
3.180000e+00 4.437776e+00 5.764871e-01 5.014263e+00
3.200000e+00 4.427011e+00 5.872524e-01 5.014264e+00
3.220000e+00 4.416369e+00 5.978938e-01 5.014263e+00
3.240000e+00 4.405851e+00 6.084119e-01 5.014263e+00
3.260000e+00 4.395449e+00 6.188139e-01 5.014263e+00
3.280000e+00 4.385151e+00 6.291113e-01 5.014262e+00
3.300000e+00 4.374955e+00 6.393071e-01 5.014262e+00
3.320000e+00 4.364873e+00 6.493884e-01 5.014261e+00
3.340000e+00 4.354883e+00 6.593783e-01 5.014261e+00
3.360000e+00 4.344967e+00 6.692938e-01 5.014261e+00
3.380000e+00 4.335144e+00 6.791170e-01 5.014261e+00
3.400000e+00 4.325466e+00 6.887947e-01 5.014261e+00
3.420000e+00 4.315963e+00 6.982965e-01 5.014260e+00
3.440000e+00 4.306577e+00 7.076831e-01 5.014260e+00
3.460000e+00 4.297351e+00 7.169102e-01 5.014261e+00
3.480000e+00 4.288430e+00 7.258294e-01 5.014259e+00
3.500000e+00 4.279747e+00 7.345116e-01 5.014259e+00
3.520000e+00 4.271231e+00 7.430290e-01 5.014260e+00
3.540000e+00 4.263039e+00 7.512200e-01 5.014259e+00
3.560000e+00 4.255191e+00 7.590673e-01 5.014258e+00
3.580000e+00 4.247521e+00 7.667375e-01 5.014259e+00
3.600000e+00 4.240113e+00 7.741462e-01 5.014259e+00
3.620000e+00 4.233093e+00 7.811647e-01 5.014258e+00
3.640000e+00 4.226237e+00 7.880205e-01 5.014257e+00
3.660000e+00 4.219584e+00 7.946749e-01 5.014259e+00
3.680000e+00 4.213340e+00 8.009171e-01 5.014257e+00
3.700000e+00 4.207222e+00 8.070353e-01 5.014257e+00
3.720000e+00 4.201354e+00 8.129048e-01 5.014258e+00
3.740000e+00 4.195883e+00 8.183734e-01 5.014256e+00
3.760000e+00 4.190520e+00 8.237371e-01 5.014258e+00
3.780000e+00 4.185599e+00 8.286588e-01 5.014258e+00
3.800000e+00 4.180969e+00 8.332867e-01 5.014255e+00
3.820000e+00 4.176562e+00 8.376968e-01 5.014259e+00
3.840000e+00 4.172738e+00 8.415177e-01 5.014255e+00
3.860000e+00 4.169086e+00 8.451703e-01 5.014257e+00
3.880000e+00 4.165924e+00 8.483346e-01 5.014258e+00
3.900000e+00 4.163161e+00 8.510926e-01 5.014254e+00
3.920000e+00 4.160711e+00 8.535482e-01 5.014260e+00
3.940000e+00 4.158830e+00 8.554238e-01 5.014254e+00
3.960000e+00 4.157131e+00 8.571266e-01 5.014257e+00
3.980000e+00 4.155968e+00 8.582892e-01 5.014257e+00
4.000000e+00 4.155109e+00 8.591447e-01 5.014254e+00
4.020000e+00 4.154651e+00 8.596084e-01 5.014259e+00
4.040000e+00 4.154503e+00 8.597512e-01 5.014254e+00
4.060000e+00 4.154697e+00 8.595608e-01 5.014258e+00
4.080000e+00 4.155209e+00 8.590468e-01 5.014256e+00
4.100000e+00 4.156110e+00 8.581457e-01 5.014256e+00
4.120000e+00 4.157239e+00 8.570181e-01 5.014257e+00
4.140000e+00 4.158737e+00 8.555192e-01 5.014256e+00
4.160000e+00 4.160487e+00 8.537695e-01 5.014257e+00
4.180000e+00 4.162659e+00 8.515974e-01 5.014256e+00
4.200000e+00 4.165065e+00 8.491918e-01 5.014257e+00
4.220000e+00 4.167872e+00 8.463841e-01 5.014256e+00
4.240000e+00 4.170911e+00 8.433466e-01 5.014258e+00
4.260000e+00 4.174404e+00 8.398526e-01 5.014257e+00
4.280000e+00 4.178175e+00 8.360820e-01 5.014257e+00
4.300000e+00 4.182360e+00 8.318978e-01 5.014258e+00
4.320000e+00 4.186837e+00 8.274192e-01 5.014257e+00
4.340000e+00 4.191659e+00 8.225991e-01 5.014258e+00
4.360000e+00 4.196868e+00 8.173896e-01 5.014258e+00
4.380000e+00 4.202420e+00 8.118368e-01 5.014257e+00
4.400000e+00 4.208320e+00 8.059382e-01 5.014258e+00
4.420000e+00 4.214452e+00 7.998067e-01 5.014259e+00
4.440000e+00 4.221009e+00 7.932498e-01 5.014258e+00
4.460000e+00 4.227785e+00 7.864732e-01 5.014258e+00
4.480000e+00 4.234922e+00 7.793357e-01 5.014258e+00
4.500000e+00 4.242257e+00 7.720030e-01 5.014260e+00
4.520000e+00 4.249837e+00 7.644233e-01 5.014260e+00
4.540000e+00 4.257765e+00 7.564934e-01 5.014258e+00
4.560000e+00 4.265766e+00 7.484932e-01 5.014259e+00
4.580000e+00 4.274117e+00 7.401423e-01 5.014259e+00
4.600000e+00 4.282537e+00 7.317232e-01 5.014261e+00
4.620000e+00 4.291153e+00 7.231098e-01 5.014262e+00
4.640000e+00 4.300031e+00 7.142302e-01 5.014261e+00
4.660000e+00 4.308920e+00 7.053407e-01 5.014261e+00
4.680000e+00 4.318133e+00 6.961270e-01 5.014260e+00
4.700000e+00 4.327371e+00 6.868888e-01 5.014260e+00
4.720000e+00 4.336705e+00 6.775565e-01 5.014261e+00
4.740000e+00 4.346260e+00 6.680011e-01 5.014261e+00
4.760000e+00 4.355742e+00 6.585204e-01 5.014262e+00
4.780000e+00 4.365466e+00 6.487973e-01 5.014264e+00
4.800000e+00 4.375294e+00 6.389693e-01 5.014263e+00
4.820000e+00 4.385112e+00 6.291529e-01 5.014264e+00
4.840000e+00 4.395192e+00 6.190728e-01 5.014265e+00
4.860000e+00 4.405220e+00 6.090445e-01 5.014264e+00
4.880000e+00 4.415304e+00 5.989615e-01 5.014265e+00
4.900000e+00 4.425601e+00 5.886632e-01 5.014265e+00
4.920000e+00 4.435800e+00 5.784646e-01 5.014265e+00
4.940000e+00 4.446135e+00 5.681311e-01 5.014266e+00
4.960000e+00 4.456607e+00 5.576580e-01 5.014265e+00
4.980000e+00 4.466933e+00 5.473325e-01 5.014266e+00
5.000000e+00 4.477404e+00 5.368628e-01 5.014267e+00
5.020000e+00 4.487942e+00 5.263235e-01 5.014266e+00
5.040000e+00 4.498339e+00 5.159281e-01 5.014267e+00
5.060000e+00 4.508900e+00 5.053669e-01 5.014267e+00
5.080000e+00 4.519488e+00 4.947792e-01 5.014267e+00
5.100000e+00 4.529914e+00 4.843542e-01 5.014268e+00
5.120000e+00 4.540457e+00 4.738099e-01 5.014267e+00
5.140000e+00 4.550978e+00 4.632893e-01 5.014268e+00
5.160000e+00 4.561327e+00 4.529412e-01 5.014268e+00
5.180000e+00 4.571744e+00 4.425237e-01 5.014268e+00
5.200000e+00 4.582144e+00 4.321243e-01 5.014269e+00
5.220000e+00 4.592376e+00 4.218925e-01 5.014268e+00
5.240000e+00 4.602575e+00 4.116936e-01 5.014269e+00
5.260000e+00 4.612766e+00 4.015037e-01 5.014270e+00
5.280000e+00 4.622779e+00 3.914905e-01 5.014269e+00
5.300000e+00 4.632659e+00 3.816122e-01 5.014271e+00
5.320000e+00 4.642568e+00 3.717022e-01 5.014270e+00
5.340000e+00 4.652310e+00 3.619603e-01 5.014270e+00
5.360000e+00 4.661861e+00 3.524105e-01 5.014272e+00
5.380000e+00 4.671410e+00 3.428602e-01 5.014270e+00
5.400000e+00 4.680809e+00 3.334626e-01 5.014272e+00
5.420000e+00 4.690005e+00 3.242670e-01 5.014272e+00
5.440000e+00 4.699092e+00 3.151790e-01 5.014271e+00
5.460000e+00 4.708059e+00 3.062147e-01 5.014273e+00
5.480000e+00 4.716887e+00 2.973834e-01 5.014271e+00
5.500000e+00 4.725461e+00 2.888127e-01 5.014274e+00
5.520000e+00 4.734009e+00 2.802628e-01 5.014272e+00
5.540000e+00 4.742402e+00 2.718701e-01 5.014272e+00
5.560000e+00 4.750544e+00 2.637302e-01 5.014275e+00
5.580000e+00 4.758577e+00 2.556948e-01 5.014272e+00
5.600000e+00 4.766447e+00 2.478281e-01 5.014275e+00
5.620000e+00 4.774221e+00 2.400512e-01 5.014272e+00
5.640000e+00 4.781705e+00 2.325701e-01 5.014275e+00
5.660000e+00 4.789081e+00 2.251928e-01 5.014274e+00
5.680000e+00 4.796321e+00 2.179539e-01 5.014275e+00
5.700000e+00 4.803435e+00 2.108385e-01 5.014274e+00
5.720000e+00 4.810287e+00 2.039887e-01 5.014276e+00
5.740000e+00 4.817026e+00 1.972484e-01 5.014274e+00
5.760000e+00 4.823629e+00 1.906471e-01 5.014276e+00
5.780000e+00 4.830093e+00 1.841824e-01 5.014275e+00
5.800000e+00 4.836331e+00 1.779441e-01 5.014275e+00
5.820000e+00 4.842405e+00 1.718720e-01 5.014277e+00
5.840000e+00 4.848426e+00 1.658493e-01 5.014275e+00
5.860000e+00 4.854256e+00 1.600199e-01 5.014276e+00
5.880000e+00 4.859875e+00 1.544016e-01 5.014277e+00
5.900000e+00 4.865374e+00 1.489028e-01 5.014276e+00
5.920000e+00 4.870782e+00 1.434948e-01 5.014277e+00
5.940000e+00 4.876015e+00 1.382617e-01 5.014277e+00
5.960000e+00 4.881065e+00 1.332119e-01 5.014277e+00
5.980000e+00 4.886003e+00 1.282739e-01 5.014277e+00
6.000000e+00 4.890818e+00 1.234588e-01 5.014277e+00
6.020000e+00 4.895500e+00 1.187775e-01 5.014277e+00
6.040000e+00 4.900053e+00 1.142245e-01 5.014278e+00
6.060000e+00 4.904432e+00 1.098457e-01 5.014278e+00
6.080000e+00 4.908685e+00 1.055935e-01 5.014278e+00
6.100000e+00 4.912886e+00 1.013921e-01 5.014278e+00
6.120000e+00 4.916912e+00 9.736623e-02 5.014278e+00
6.140000e+00 4.920767e+00 9.351154e-02 5.014279e+00
6.160000e+00 4.924560e+00 8.971767e-02 5.014278e+00
6.180000e+00 4.928218e+00 8.606044e-02 5.014278e+00
6.200000e+00 4.931781e+00 8.249847e-02 5.014279e+00
6.220000e+00 4.935241e+00 7.903740e-02 5.014278e+00
6.240000e+00 4.938521e+00 7.575755e-02 5.014278e+00
6.260000e+00 4.941740e+00 7.253889e-02 5.014279e+00
6.280000e+00 4.944872e+00 6.940698e-02 5.014279e+00
6.300000e+00 4.947873e+00 6.640680e-02 5.014279e+00
6.320000e+00 4.950787e+00 6.349188e-02 5.014279e+00
6.340000e+00 4.953543e+00 6.073546e-02 5.014279e+00
6.360000e+00 4.956236e+00 5.804327e-02 5.014279e+00
6.380000e+00 4.958864e+00 5.541545e-02 5.014279e+00
6.400000e+00 4.961368e+00 5.291167e-02 5.014280e+00
6.420000e+00 4.963796e+00 5.048312e-02 5.014279e+00
6.440000e+00 4.966097e+00 4.818261e-02 5.014279e+00
6.460000e+00 4.968354e+00 4.592543e-02 5.014279e+00
6.480000e+00 4.970533e+00 4.374637e-02 5.014280e+00
6.500000e+00 4.972611e+00 4.166841e-02 5.014280e+00
6.520000e+00 4.974603e+00 3.967695e-02 5.014280e+00
6.540000e+00 4.976486e+00 3.779434e-02 5.014280e+00
6.560000e+00 4.978338e+00 3.594212e-02 5.014280e+00
6.580000e+00 4.980108e+00 3.417159e-02 5.014280e+00
6.600000e+00 4.981819e+00 3.246098e-02 5.014280e+00
6.620000e+00 4.983418e+00 3.086207e-02 5.014280e+00
6.640000e+00 4.984946e+00 2.933414e-02 5.014280e+00
6.660000e+00 4.986429e+00 2.785072e-02 5.014280e+00
6.680000e+00 4.987857e+00 2.642363e-02 5.014281e+00
6.700000e+00 4.989250e+00 2.503018e-02 5.014280e+00
6.720000e+00 4.990546e+00 2.373457e-02 5.014280e+00
6.740000e+00 4.991786e+00 2.249508e-02 5.014281e+00
6.760000e+00 4.992963e+00 2.131713e-02 5.014280e+00
6.780000e+00 4.994110e+00 2.017039e-02 5.014280e+00
6.800000e+00 4.995200e+00 1.908066e-02 5.014281e+00
6.820000e+00 4.996245e+00 1.803485e-02 5.014280e+00
6.840000e+00 4.997202e+00 1.707820e-02 5.014281e+00
6.860000e+00 4.998124e+00 1.615647e-02 5.014280e+00
6.880000e+00 4.999002e+00 1.527823e-02 5.014280e+00
6.900000e+00 4.999857e+00 1.442388e-02 5.014281e+00
6.920000e+00 5.000672e+00 1.360863e-02 5.014280e+00
6.940000e+00 5.001442e+00 1.283922e-02 5.014281e+00
6.960000e+00 5.002163e+00 1.211726e-02 5.014280e+00
6.980000e+00 5.002848e+00 1.143257e-02 5.014281e+00
7.000000e+00 5.003503e+00 1.077829e-02 5.014281e+00
7.020000e+00 5.004149e+00 1.013088e-02 5.014280e+00
7.040000e+00 5.004740e+00 9.540522e-03 5.014281e+00
7.060000e+00 5.005307e+00 8.973744e-03 5.014281e+00
7.080000e+00 5.005823e+00 8.457731e-03 5.014281e+00
7.100000e+00 5.006307e+00 7.974127e-03 5.014281e+00
7.120000e+00 5.006776e+00 7.504326e-03 5.014281e+00
7.140000e+00 5.007223e+00 7.057834e-03 5.014281e+00
7.160000e+00 5.007653e+00 6.627624e-03 5.014281e+00
7.180000e+00 5.008040e+00 6.240910e-03 5.014281e+00
7.200000e+00 5.008416e+00 5.864845e-03 5.014281e+00
7.220000e+00 5.008763e+00 5.518187e-03 5.014281e+00
7.240000e+00 5.009098e+00 5.182412e-03 5.014281e+00
7.260000e+00 5.009419e+00 4.861808e-03 5.014281e+00
7.280000e+00 5.009739e+00 4.541894e-03 5.014281e+00
7.300000e+00 5.010023e+00 4.257515e-03 5.014281e+00
7.320000e+00 5.010292e+00 3.989061e-03 5.014281e+00
7.340000e+00 5.010536e+00 3.744582e-03 5.014281e+00
7.360000e+00 5.010770e+00 3.510467e-03 5.014281e+00
7.380000e+00 5.010989e+00 3.292041e-03 5.014281e+00
7.400000e+00 5.011201e+00 3.079796e-03 5.014281e+00
7.420000e+00 5.011400e+00 2.880878e-03 5.014281e+00
7.440000e+00 5.011579e+00 2.701378e-03 5.014281e+00
7.460000e+00 5.011738e+00 2.543307e-03 5.014281e+00
7.480000e+00 5.011886e+00 2.395319e-03 5.014281e+00
7.500000e+00 5.012036e+00 2.244436e-03 5.014281e+00
7.520000e+00 5.012171e+00 2.109853e-03 5.014281e+00
7.540000e+00 5.012304e+00 1.976748e-03 5.014281e+00
7.560000e+00 5.012438e+00 1.843389e-03 5.014281e+00
7.580000e+00 5.012554e+00 1.726588e-03 5.014281e+00
7.600000e+00 5.012667e+00 1.614290e-03 5.014281e+00
7.620000e+00 5.012763e+00 1.517866e-03 5.014281e+00
7.640000e+00 5.012865e+00 1.415495e-03 5.014281e+00
7.660000e+00 5.012967e+00 1.314048e-03 5.014281e+00
7.680000e+00 5.013048e+00 1.232961e-03 5.014281e+00
7.700000e+00 5.013133e+00 1.147546e-03 5.014281e+00
7.720000e+00 5.013207e+00 1.074079e-03 5.014281e+00
7.740000e+00 5.013271e+00 1.010120e-03 5.014281e+00
7.760000e+00 5.013326e+00 9.546451e-04 5.014281e+00
7.780000e+00 5.013372e+00 9.092505e-04 5.014281e+00
7.800000e+00 5.013431e+00 8.502012e-04 5.014281e+00
7.820000e+00 5.013479e+00 8.022544e-04 5.014281e+00
7.840000e+00 5.013516e+00 7.648647e-04 5.014281e+00
7.860000e+00 5.013557e+00 7.238294e-04 5.014281e+00
7.880000e+00 5.013591e+00 6.904707e-04 5.014281e+00
7.900000e+00 5.013630e+00 6.506195e-04 5.014281e+00
7.920000e+00 5.013655e+00 6.257006e-04 5.014281e+00
7.940000e+00 5.013681e+00 5.998255e-04 5.014281e+00
7.960000e+00 5.013719e+00 5.618081e-04 5.014281e+00
7.980000e+00 5.013751e+00 5.297021e-04 5.014281e+00
8.000000e+00 5.013782e+00 4.987642e-04 5.014281e+00